09:59:53        all      3.89      0.24      2.02      0.13      0.00     93.72
10:00:03        all      3.90      0.18      1.83      0.11      0.00     93.98
10:00:13        all      3.72      0.15      2.01      0.10      0.00     94.01
10:00:23        all      3.77      0.15      2.02      0.11      0.00     93.95
10:00:33        all      3.76      0.23      1.94      0.11      0.00     93.96
10:00:43        all      4.18      0.19      2.00      0.10      0.00     93.53
10:00:53        all      3.79      0.20      1.98      0.11      0.00     93.91
10:01:03        all      3.83      0.15      2.09      0.13      0.00     93.79
10:01:13        all      3.97      0.22      1.84      0.08      0.00     93.90
Average:        all      3.88      0.20      1.97      0.11      0.00     93.84
10:53:39        all     16.95      0.03      2.39      0.12      0.00     80.51
10:54:09        all     16.80      0.09      2.28      0.13      0.00     80.71
10:54:39        all     17.09      0.02      2.23      0.10      0.00     80.57
10:55:09        all     17.00      0.09      2.26      0.11      0.00     80.53
10:55:39        all     17.15      0.07      2.27      0.11      0.00     80.41
10:56:09        all     17.32      0.19      2.45      0.11      0.00     79.93
10:56:39        all     16.51      0.02      1.91      0.11      0.00     81.44
10:57:09        all     16.89      0.09      2.22      0.12      0.00     80.68
10:57:39        all     16.93      0.07      2.32      0.13      0.00     80.56
Average:        all     17.13      0.07      2.33      0.11      0.00     80.36
